import numpy as np
创建一个长度为10的空向量
Z = np.zeros(10)
print(Z)
创建一个长度为10并且除了第五个值为1的空向量
Z = np.zeros(10)
Z[4] = 1
print(Z)
创建一个值域范围从10到49的向量
Z = np.arange(10,50)
print(Z)
找到数组[1,2,0,0,4,0]中非0元素的位置索引
nz = np.nonzero([1,2,0,0,4,0])
print (z)
(array([0, 1, 4], dtype=int64),)
创建一个 10x10 的随机数组并找到它的最大值和最小值
Z = np.random.random((10,10))
Zmin, Zmax = Z.min(), Z.max()
print(Zmin, Zmax)
0.005113206758701971 0.998984436740067
创建一个二维数组，其中边界值为1，其余值为0 
 Z = np.ones((10,10)
Z[1:-1,1:-1] = 0
print(Z)
[[1. 1. 1. 1. 1. 1. 1. 1. 1. 1.]
 [1. 0. 0. 0. 0. 0. 0. 0. 0. 1.]
 [1. 0. 0. 0. 0. 0. 0. 0. 0. 1.]
 [1. 0. 0. 0. 0. 0. 0. 0. 0. 1.]
 [1. 0. 0. 0. 0. 0. 0. 0. 0. 1.]
 [1. 0. 0. 0. 0. 0. 0. 0. 0. 1.]
 [1. 0. 0. 0. 0. 0. 0. 0. 0. 1.]
 [1. 0. 0. 0. 0. 0. 0. 0. 0. 1.]
 [1. 0. 0. 0. 0. 0. 0. 0. 0. 1.]
 [1. 1. 1. 1. 1. 1. 1. 1. 1. 1.]]
 对于一个存在在数组，如何添加一个用0填充的边界?
 Z = np.ones((5,5))
 Z = np.pad(Z, pad_width=1, mode='constant', constant_values=0)
 print(Z) 
 [[0. 0. 0. 0. 0. 0. 0.]
 [0. 1. 1. 1. 1. 1. 0.]
 [0. 1. 1. 1. 1. 1. 0.]
 [0. 1. 1. 1. 1. 1. 0.]
 [0. 1. 1. 1. 1. 1. 0.]
 [0. 1. 1. 1. 1. 1. 0.]
 [0. 0. 0. 0. 0. 0. 0.]]
  创建一个8x8 的矩阵，并且设置成棋盘样式
  Z = np.zeros((8,8),dtype=int)
  Z[1::2,::2] = 1
  Z[::2,1::2] = 1
  print(Z)
  [[0 1 0 1 0 1 0 1]
 [1 0 1 0 1 0 1 0]
 [0 1 0 1 0 1 0 1]
 [1 0 1 0 1 0 1 0]
 [0 1 0 1 0 1 0 1]
 [1 0 1 0 1 0 1 0]
 [0 1 0 1 0 1 0 1]
 [1 0 1 0 1 0 1 0]]
 对一个5x5的随机矩阵做归一化
 Z = np.random.random((5,5))
 Zmax, Zmin = Z.max(), Z.min()
 Z = (Z - Zmin)/(Zmax - Zmin)
 print(Z)
 [[0.73761171 0.81377181 0.1411713  0.55630107 0.117568  ]
 [0.80156059 0.17902553 0.63177396 0.77085278 0.        ]
 [0.74613397 0.58143618 0.37700911 0.74421664 0.29993415]
 [1.         0.6718782  0.57801227 0.29606673 0.12859584]
 [0.1646138  0.02529283 0.25427525 0.43137478 0.6945773 ]]
 
 一个5x3的矩阵与一个3x2的矩阵相乘，实矩阵乘积是什么？
z = np.dot(np.one((5,3)),np.one((3,2)))
print(z)
[[3. 3.]
 [3. 3.]
 [3. 3.]
 [3. 3.]
 [3. 3.]]
  给定一个一维数组，对其在3到8之间的所有元素取反
z = np.arange(11)

z[(3<z)&(z<=8)]*= -1
print(z)
[ 0  1  2  3 -4 -5 -6 -7 -8  9 10]

如何从零位对浮点数组做舍入 ?
Z = np.random.uniform(-10,+10,10)
print (np.copysign(np.ceil(np.abs(Z)), Z)) 、
[ -2.  -4.  -9.   6.  -5.  -6.   7.  -4. -10. -10.]
 如何得到所有与2016年7月对应的日期？
 Z = np.arange('2016-07', '2016-08', dtype='datetime64[D]')
 print(Z)
 ['2016-07-01' '2016-07-02' '2016-07-03' '2016-07-04' '2016-07-05'
 '2016-07-06' '2016-07-07' '2016-07-08' '2016-07-09' '2016-07-10'
 '2016-07-11' '2016-07-12' '2016-07-13' '2016-07-14' '2016-07-15'
 '2016-07-16' '2016-07-17' '2016-07-18' '2016-07-19' '2016-07-20'
 '2016-07-21' '2016-07-22' '2016-07-23' '2016-07-24' '2016-07-25'
 '2016-07-26' '2016-07-27' '2016-07-28' '2016-07-29' '2016-07-30'
 '2016-07-31']
 对于两个随机数组A和B，检查它们是否相等
 a = np.random.randint(0,2,5)
 b = np.random.randint(0,2,5)
 equal = np.array_equal(a,b)
 False
 创建一个长度为10的向量，并将向量中最大值替换为1
 z = np.random.random(10)
 z[z.argmax()] = 1
 print(z)
 [0.51970014 0.49682225 0.49329563 0.05756576 0.58057516 0.12557202 0.64586311 1.0.79066121 0.35841424]
 给定两个数组X和Y，构造Cauchy矩阵C
 x = np.arange(8)
y = x + 0.5
c = 1.0/np.subtract.outer(x,y)
print(np.linalg.det(c))
3638.163637117973
 对一个表示坐标形状为(100,2)的随机向量，找到点与点的距离
 z = np.random.random((10,2))
x,y = np.atleast_2d(z[:,0],z[:,1])
d = np.sqrt((x-x.T)**2+(y-y.T)**2)
print(d)
[[0.         0.71638087 0.93928489 0.26880736 0.20409006 0.89219494
  0.49987498 0.55982586 0.2492306  0.50485477]
 [0.71638087 0.         0.68719877 0.49526573 0.91278783 0.49685093
  0.28188115 0.16138999 0.46801045 0.22549224]
 [0.93928489 0.68719877 0.         0.69011418 1.1224033  0.21088725
  0.55991302 0.72314288 0.77527673 0.76253534]
 [0.26880736 0.49526573 0.69011418 0.         0.47109344 0.62537309
  0.24081293 0.35926864 0.10990362 0.32546658]
 [0.20409006 0.91278783 1.1224033  0.47109344 0.         1.08988313
  0.70395937 0.75353023 0.4499709  0.69486007]
 [0.89219494 0.49685093 0.21088725 0.62537309 1.08988313 0.
  0.43634214 0.56142575 0.68758443 0.6111356 ]
 [0.49987498 0.28188115 0.55991302 0.24081293 0.70395937 0.43634214
  0.         0.20101601 0.26402552 0.21578189]
 [0.55982586 0.16138999 0.72314288 0.35926864 0.75353023 0.56142575
  0.20101601 0.         0.31430889 0.06581147]
 [0.2492306  0.46801045 0.77527673 0.10990362 0.4499709  0.68758443
  0.26402552 0.31430889 0.         0.26498616]
 [0.50485477 0.22549224 0.76253534 0.32546658 0.69486007 0.6111356
  0.21578189 0.06581147 0.26498616 0.        ]]
  

 
 
 
 
  
